Epoch 1/5
1,3440
0,0373
0,3856
0,1941
0,3772
0,3498
1,0338
0,0296
0,2919
0,1688
0,2615
0,2820

Epoch 2/5
1,1540
0,0348
0,3687
0,1736
0,2793
0,2976
1,2191
0,0499
0,3942
0,2084
0,2833
0,2833

Epoch 3/5
1,1098
0,0342
0,3683
0,1643
0,2534
0,2895
1,1457
0,0389
0,4192
0,1856
0,2231
0,2790

Epoch 4/5
1,1086
0,0347
0,3699
0,1696
0,2469
0,2876
1,2049
0,0757
0,4437
0,1695
0,2324
0,2837

Epoch 5/5
1,0775
0,0317
0,3651
0,1607
0,2356
0,2845
1,0212
0,0360
0,3400
0,1638
0,2109
0,2705

Epoch 6/10
1,0938
0,0350
0,3675
0,1621
0,2374
0,2918
1,2201
0,0468
0,5235
0,1435
0,2235
0,2827

Epoch 7/10
1,0785
0,0336
0,3591
0,1623
0,2346
0,2889
1,2788
0,0504
0,5346
0,1624
0,2427
0,2886

Epoch 8/10
1,1009
0,0357
0,3749
0,1636
0,2389
0,2877
1,1489
0,0311
0,4492
0,1721
0,2265
0,2700

Epoch 9/10
1,0487
0,0326
0,3525
0,1582
0,2237
0,2817
1,2060
0,0537
0,4520
0,2010
0,2198
0,2795

Epoch 10/10
1,0534
0,0314
0,3553
0,1594
0,2243
0,2830
1,1847
0,0505
0,4911
0,1598
0,2233
0,2599

Epoch 11/15
1,0465
0,0308
0,3506
0,1624
0,2217
0,2811
1,0925
0,0465
0,4201
0,1543
0,1964
0,2751

Epoch 12/15
1,0549
0,0305
0,3805
0,1480
0,2153
0,2805
1,1573
0,0444
0,4352
0,1895
0,2179
0,2703

Epoch 13/15
1,0271
0,0337
0,3426
0,1523
0,2181
0,2805
1,0879
0,0382
0,3894
0,1633
0,2207
0,2763

Epoch 14/15
1,0753
0,0333
0,3767
0,1587
0,2206
0,2860
1,1649
0,0452
0,4150
0,1792
0,2299
0,2955

Epoch 15/15
1,0510
0,0334
0,3660
0,1469
0,2202
0,2844
1,1367
0,0619
0,3810
0,1956
0,2173
0,2808

Epoch 16/20
0,9965
0,0298
0,3409
0,1482
0,2031
0,2745
1,0218
0,0341
0,3793
0,1409
0,1998
0,2676

Epoch 17/20
1,0271
0,0305
0,3502
0,1514
0,2153
0,2797
1,0032
0,0234
0,3532
0,1505
0,2096
0,2664

Epoch 18/20
1,0197
0,0333
0,3419
0,1505
0,2140
0,2800
1,1358
0,0497
0,4525
0,1639
0,1959
0,2738

Epoch 19/20
1,0105
0,0297
0,3397
0,1492
0,2128
0,2791
1,1209
0,0407
0,4137
0,1670
0,2197
0,2799

Epoch 20/20
1,0346
0,0329
0,3591
0,1507
0,2124
0,2797
1,0243
0,0482
0,3997
0,1454
0,1834
0,2475

Epoch 21/30
1,0060
0,0318
0,3443
0,1422
0,2097
0,2779
1,1857
0,0422
0,4177
0,2220
0,2099
0,2938

Epoch 22/30
0,9681
0,0301
0,3263
0,1435
0,1971
0,2710
1,2445
0,0633
0,4999
0,1811
0,2149
0,2852

Epoch 23/30
1,0229
0,0301
0,3615
0,1474
0,2074
0,2765
1,0529
0,0296
0,3737
0,1523
0,2037
0,2935

Epoch 24/30
0,9914
0,0297
0,3392
0,1431
0,2041
0,2754
1,1386
0,0468
0,4215
0,1842
0,2074
0,2786

Epoch 25/30
1,0339
0,0314
0,3548
0,1548
0,2132
0,2797
0,9637
0,0326
0,3404
0,1431
0,1817
0,2658

Epoch 26/30
1,0282
0,0331
0,3566
0,1484
0,2091
0,2810
0,9817
0,0358
0,3504
0,1519
0,1863
0,2573

Epoch 27/30
0,9861
0,0299
0,3339
0,1458
0,2021
0,2743
1,1068
0,0357
0,3988
0,1675
0,2156
0,2892

Epoch 28/30
0,9892
0,0287
0,3247
0,1499
0,2093
0,2766
1,2021
0,0515
0,5199
0,1698
0,1921
0,2688

Epoch 29/30
0,9872
0,0281
0,3282
0,1487
0,2060
0,2763
0,9144
0,0246
0,3535
0,1105
0,1704
0,2553

Epoch 30/30
0,9962
0,0307
0,3375
0,1459
0,2059
0,2762
1,2062
0,0434
0,5149
0,1556
0,2173
0,2751

Epoch 31/35
0,9831
0,0294
0,3429
0,1384
0,2003
0,2721
1,1678
0,0477
0,4705
0,1796
0,2070
0,2629

Epoch 32/35
0,9704
0,0275
0,3190
0,1444
0,2040
0,2755
1,0058
0,0315
0,3680
0,1390
0,2007
0,2667

Epoch 33/35
0,9663
0,0289
0,3338
0,1363
0,1968
0,2705
1,1278
0,0360
0,4372
0,1675
0,2022
0,2850

Epoch 34/40
0,9776
0,0292
0,3407
0,1428
0,1946
0,2704
1,1819
0,0546
0,4338
0,2019
0,2091
0,2825

Epoch 35/40
0,9551
0,0276
0,3220
0,1413
0,1926
0,2715
1,0038
0,0376
0,3789
0,1488
0,1888
0,2496

Epoch 36/40
0,9769
0,0300
0,3375
0,1375
0,1986
0,2733
1,1181
0,0333
0,4010
0,1761
0,2187
0,2890

Epoch 37/40
0,9480
0,0285
0,3195
0,1368
0,1947
0,2685
1,1587
0,0436
0,4270
0,1898
0,2191
0,2791

Epoch 38/40
0,9767
0,0313
0,3301
0,1407
0,2011
0,2735
1,2387
0,0411
0,5146
0,1920
0,2053
0,2857

Epoch 39/40
0,9888
0,0291
0,3450
0,1458
0,1945
0,2743
1,2673
0,0491
0,5270
0,1861
0,2178
0,2874

Epoch 40/40
0,9718
0,0299
0,3255
0,1419
0,1988
0,2756
1,1088
0,0498
0,4649
0,1504
0,1857
0,2580

Epoch 41/45
0,9450
0,0282
0,3216
0,1338
0,1939
0,2674
1,1406
0,0430
0,4386
0,1850
0,2043
0,2697

Epoch 42/45
0,9502
0,0267
0,3182
0,1403
0,1957
0,2692
1,0776
0,0373
0,3778
0,1631
0,2196
0,2799

Epoch 43/45
0,9405
0,0285
0,3122
0,1365
0,1943
0,2690
1,2131
0,0632
0,4801
0,1919
0,2048
0,2730

Epoch 44/45
0,9878
0,0325
0,3387
0,1422
0,1992
0,2753
0,9620
0,0330
0,3497
0,1413
0,1847
0,2533

Epoch 45/45
0,9829
0,0314
0,3362
0,1422
0,1989
0,2742
1,1545
0,0424
0,4927
0,1606
0,1954
0,2634

Epoch 46/50
0,9574
0,0301
0,3279
0,1369
0,1926
0,2698
1,1038
0,0518
0,4278
0,1306
0,2009
0,2927

Epoch 47/50
0,9311
0,0287
0,3126
0,1321
0,1892
0,2686
1,0240
0,0337
0,3234
0,1904
0,1996
0,2768

Epoch 48/50
0,9498
0,0299
0,3265
0,1325
0,1901
0,2708
1,1679
0,0412
0,4504
0,1605
0,2263
0,2896

Epoch 49/50
0,9397
0,0273
0,3124
0,1369
0,1923
0,2709
1,2101
0,0392
0,4865
0,1787
0,2156
0,2901

Epoch 50/50
0,9534
0,0279
0,3287
0,1374
0,1915
0,2679
1,1044
0,0428
0,4480
0,1389
0,1963
0,2783

Epoch 51/55
0,9474
0,0292
0,3345
0,1335
0,1858
0,2644
1,0381
0,0362
0,4227
0,1492
0,1764
0,2535

Epoch 52/55
0,9287
0,0276
0,3068
0,1359
0,1887
0,2698
1,2897
0,0645
0,5864
0,1566
0,2113
0,2710

Epoch 53/55
0,9289
0,0277
0,3039
0,1363
0,1905
0,2705
1,1465
0,0548
0,4264
0,1758
0,2067
0,2827

Epoch 54/55
0,9457
0,0285
0,3173
0,1431
0,1878
0,2691
1,1739
0,0347
0,4192
0,1790
0,2371
0,3038

Epoch 55/55
0,9731
0,0308
0,3394
0,1370
0,1943
0,2716
1,2531
0,0413
0,5423
0,1549
0,2381
0,2764

Epoch 56/60
0,9052
0,0274
0,2986
0,1298
0,1838
0,2655
1,0603
0,0361
0,3684
0,1713
0,1939
0,2906

Epoch 57/60
0,9482
0,0303
0,3195
0,1341
0,1941
0,2702
1,0648
0,0515
0,4144
0,1204
0,2103
0,2680

Epoch 58/60
0,9476
0,0286
0,3232
0,1367
0,1889
0,2702
1,1610
0,0448
0,4675
0,1686
0,2020
0,2780

Epoch 59/60
0,9305
0,0282
0,3204
0,1328
0,1848
0,2643
1,1567
0,0478
0,4498
0,1841
0,2010
0,2741

Epoch 60/60
0,9559
0,0306
0,3249
0,1370
0,1935
0,2700
1,3356
0,0576
0,5580
0,2096
0,2171
0,2933

------------------------------------------ best results


[{'supercategory': 'person', 'id': 1, 'name': 'person'},
 {'supercategory': 'vehicle', 'id': 2, 'name': 'bicycle'}, 
 {'supercategory': 'vehicle', 'id': 3, 'name': 'car'},
 {'supercategory': 'vehicle', 'id': 4, 'name': 'motorcycle'}, 
 {'supercategory': 'vehicle', 'id': 5, 'name': 'bus'}, 
 {'supercategory': 'vehicle', 'id': 6, 'name': 'truck'}, 
 {'supercategory': 'animal', 'id': 7, 'name': 'dog'}]

Evaluate annotation type *bbox*
DONE (t=1,15s),
Accumulating evaluation results,,,
DONE (t=0,13s),
category person 0,39846417412180485
category bicycle 0,187017179137438
category car 0,33241958215793127
category motorcycle 0,3079310798230684
category bus 0,6327932131926916
category truck 0,24296458314016162
category dog 0,4850210574246344
(all categories) mAP : 0,36951583842824715
 Average Precision  (AP) @[ IoU=0,50:0,95 | area=   all | maxDets=100 ] = 0,370

category person 0,673520333523859
category bicycle 0,4162477698104156
category car 0,6194319479485622
category motorcycle 0,6101525706467797
category bus 0,8233242280227887
category truck 0,3845783057616773
category dog 0,7010337875567791
(all categories) mAP : 0,604041277610123
 Average Precision  (AP) @[ IoU=0,50      | area=   all | maxDets=100 ] = 0,604

category person 0,41155552618252744
category bicycle 0,11072210158170828
category car 0,31404351962335575
category motorcycle 0,2662942890650541
category bus 0,6717943788550301
category truck 0,24543618633015193
category dog 0,6370349206572028
(all categories) mAP : 0,3795544174707186
 Average Precision  (AP) @[ IoU=0,75      | area=   all | maxDets=100 ] = 0,380

category person 0,21827138231801313
category bicycle 0,14381026862787843
category car 0,25590515785228396
category motorcycle 0,15646629115849947
category bus 0,6316831683168317
category truck 0,06876267047069712
category dog 0,0
(all categories) mAP : 0,2106998483920291
 Average Precision  (AP) @[ IoU=0,50:0,95 | area= small | maxDets=100 ] = 0,211

category person 0,4824103780785075
category bicycle 0,30270158641591377
category car 0,4659675624761423
category motorcycle 0,33880362242022677
category bus 0,5250339696442273
category truck 0,2141479714593174
category dog 0,5407406125227908
(all categories) mAP : 0,40997224328816084
 Average Precision  (AP) @[ IoU=0,50:0,95 | area=medium | maxDets=100 ] = 0,410

category person 0,6038306465659453
category bicycle 0,24636963696369635
category car 0,46036228032177223
category motorcycle 0,4901949593455586
category bus 0,7171917187941506
category truck 0,48010036616718943
category dog 0,5602681550680283
(all categories) mAP : 0,5083311090323344
 Average Precision  (AP) @[ IoU=0,50:0,95 | area= large | maxDets=100 ] = 0,508

 Average Recall     (AR) @[ IoU=0,50:0,95 | area=   all | maxDets=  1 ] = 0,281
 Average Recall     (AR) @[ IoU=0,50:0,95 | area=   all | maxDets= 10 ] = 0,452
 Average Recall     (AR) @[ IoU=0,50:0,95 | area=   all | maxDets=100 ] = 0,472
 Average Recall     (AR) @[ IoU=0,50:0,95 | area= small | maxDets=100 ] = 0,291
 Average Recall     (AR) @[ IoU=0,50:0,95 | area=medium | maxDets=100 ] = 0,509
 Average Recall     (AR) @[ IoU=0,50:0,95 | area= large | maxDets=100 ] = 0,608
Prediction time: 202,72393798828125, Average 0,4054478759765625/image
Total time:  213,5291783809662


Evaluate annotation type *segm*

category person 0,338017797980606
category bicycle 0,12743774459446017
category car 0,32539720136655725
category motorcycle 0,22771767667662327
category bus 0,6442149585678218
category truck 0,23685651664679452
category dog 0,45760841903960287
(all categories) mAP : 0,33675004498178085
 Average Precision  (AP) @[ IoU=0,50:0,95 | area=   all | maxDets=100 ] = 0,337

category person 0,6682802918634757
category bicycle 0,3531661722210989
category car 0,5996046357949716
category motorcycle 0,5381957701661324
category bus 0,8054915718270741
category truck 0,4029405646948508
category dog 0,6742147711148571
(all categories) mAP : 0,57741339681178
 Average Precision  (AP) @[ IoU=0,50      | area=   all | maxDets=100 ] = 0,577

category person 0,3160730231085753
category bicycle 0,06923503410248859
category car 0,3407917803934729
category motorcycle 0,17680668583498985
category bus 0,7299560561984318
category truck 0,2585891150095415
category dog 0,5524311690210327
(all categories) mAP : 0,34912612338121896
 Average Precision  (AP) @[ IoU=0,75      | area=   all | maxDets=100 ] = 0,349

category person 0,17518350853870046
category bicycle 0,07212849526710914
category car 0,2509373627949012
category motorcycle 0,07926161037156346
category bus 0,6653465346534654
category truck 0,07186295091422973
category dog 0,0
(all categories) mAP : 0,18781720893428133
 Average Precision  (AP) @[ IoU=0,50:0,95 | area= small | maxDets=100 ] = 0,188

category person 0,4011965792604803
category bicycle 0,2630505909349823
category car 0,43564220596196457
category motorcycle 0,28105172477324236
category bus 0,5332853308738055
category truck 0,19893301146788073
category dog 0,4536049758822036
(all categories) mAP : 0,36668063130779416
 Average Precision  (AP) @[ IoU=0,50:0,95 | area=medium | maxDets=100 ] = 0,367

category person 0,5331702062824464
category bicycle 0,18795379537953794
category car 0,49089736390404926
category motorcycle 0,39472514982280027
category bus 0,7238340665377124
category truck 0,48615012317423645
category dog 0,5555365354613613
(all categories) mAP : 0,48175246293744906
 Average Precision  (AP) @[ IoU=0,50:0,95 | area= large | maxDets=100 ] = 0,482
 
 Average Recall     (AR) @[ IoU=0,50:0,95 | area=   all | maxDets=  1 ] = 0,259
 Average Recall     (AR) @[ IoU=0,50:0,95 | area=   all | maxDets= 10 ] = 0,413
 Average Recall     (AR) @[ IoU=0,50:0,95 | area=   all | maxDets=100 ] = 0,428
 Average Recall     (AR) @[ IoU=0,50:0,95 | area= small | maxDets=100 ] = 0,243
 Average Recall     (AR) @[ IoU=0,50:0,95 | area=medium | maxDets=100 ] = 0,461
 Average Recall     (AR) @[ IoU=0,50:0,95 | area= large | maxDets=100 ] = 0,570