1 Epoch

0.265
0.532
0.253
0.165
0.311
0.353
0.218
0.378
0.398
0.246
0.431
0.503

2 Epoch

0.288
0.555
0.279
0.178
0.339
0.385
0.237
0.400
0.413
0.262
0.446
0.546

3 Epoch

0.306
0.562
0.303
0.146
0.351
0.424
0.244
0.419
0.434
0.242
0.468
0.570

4 Epoch

0.331
0.578
0.346
0.205
0.382
0.445
0.253
0.440
0.455
0.278
0.493
0.589

5 Epoch

0.330
0.584
0.361
0.189
0.377
0.452
0.260
0.443
0.455
0.262
0.497
0.596

6 Epoch

0.321
0.586
0.331
0.183
0.359
0.429
0.245
0.432
0.452
0.274
0.493
0.580

7 Epoch

0.318
0.571
0.320
0.182
0.361
0.422
0.249
0.425
0.441
0.262
0.480
0.565

8 Epoch

0.314
0.575
0.314
0.194
0.367
0.422
0.248
0.431
0.447
0.283
0.482
0.587

9 Epoch

0.342
0.589
0.353
0.192
0.404
0.469
0.264
0.451
0.466
0.272
0.520
0.614

10 Epoch

0.332
0.573
0.341
0.210
0.356
0.452
0.259
0.439
0.454
0.291
0.472
0.591

11 Epoch

0.331
0.577
0.351
0.201
0.389
0.457
0.264
0.433
0.447
0.268
0.498
0.594

12 Epoch

0.325
0.568
0.343
0.177
0.379
0.442
0.255
0.434
0.445
0.253
0.490
0.567

13 Epoch

0.338
0.587
0.342
0.196
0.393
0.451
0.264
0.444
0.462
0.284
0.518
0.592

14 Epoch

0.345
0.595
0.360
0.197
0.383
0.475
0.264
0.448
0.470
0.313
0.499
0.590

15 Epoch

0.341
0.580
0.361
0.193
0.406
0.457
0.264
0.443
0.460
0.286
0.508
0.575

16 Epoch

0.350
0.597
0.374
0.173
0.405
0.480
0.269
0.450
0.462
0.227
0.523
0.595

17 Epoch

0.343
0.604
0.363
0.193
0.386
0.464
0.267
0.451
0.464
0.287
0.498
0.599

18 Epoch

0.350
0.614
0.355
0.211
0.392
0.479
0.269
0.456
0.471
0.295
0.512
0.598

19 Epoch

0.336
0.578
0.346
0.198
0.380
0.459
0.266
0.440
0.452
0.261
0.500
0.587

20 Epoch

0.330
0.573
0.348
0.196
0.382
0.440
0.263
0.446
0.460
0.277
0.513
0.585

21 Epoch

0.347
0.586
0.361
0.184
0.396
0.482
0.272
0.440
0.456
0.253
0.511
0.609

22 Epoch

0.347
0.601
0.368
0.200
0.395
0.476
0.266
0.449
0.466
0.269
0.519
0.613

23 Epoch

0.342
0.593
0.362
0.182
0.397
0.466
0.261
0.432
0.446
0.247
0.494
0.577

24 Epoch

0.355
0.594
0.357
0.193
0.399
0.485
0.277
0.455
0.470
0.268
0.520
0.605

25 Epoch

0.358
0.604
0.373
0.218
0.396
0.486
0.272
0.460
0.478
0.292
0.518
0.616

26 Epoch

0.342
0.597
0.361
0.200
0.388
0.459
0.268
0.452
0.465
0.262
0.512
0.586

27 Epoch

0.346
0.584
0.372
0.182
0.408
0.476
0.271
0.446
0.458
0.264
0.508
0.596

28 Epoch

0.337
0.595
0.345
0.190
0.384
0.465
0.259
0.445
0.463
0.278
0.509
0.594

29 Epoch

0.346
0.604
0.355
0.188
0.387
0.492
0.270
0.463
0.478
0.283
0.518
0.623

30 Epoch

0.345
0.602
0.373
0.196
0.389
0.485
0.265
0.449
0.464
0.270
0.512
0.603

31 Epoch

0.352
0.605
0.354
0.213
0.395
0.477
0.266
0.456
0.473
0.291
0.512
0.602

32 Epoch

0.341
0.579
0.365
0.192
0.392
0.473
0.268
0.454
0.468
0.278
0.521
0.597

33 Epoch

0.350
0.585
0.366
0.186
0.396
0.477
0.264
0.454
0.471
0.278
0.513
0.599

34 Epoch

0.355
0.591
0.363
0.195
0.394
0.504
0.273
0.454
0.465
0.269
0.511
0.615

35 Epoch

0.345
0.598
0.361
0.192
0.399
0.477
0.269
0.445
0.462
0.271
0.511
0.593

36 Epoch

0.346
0.595
0.359
0.194
0.396
0.469
0.265
0.454
0.472
0.270
0.522
0.609

37 Epoch

0.348
0.587
0.371
0.197
0.397
0.485
0.262
0.445
0.462
0.269
0.505
0.601

38 Epoch

0.350
0.587
0.371
0.189
0.392
0.481
0.268
0.451
0.470
0.272
0.517
0.600

39 Epoch

0.353
0.599
0.368
0.187
0.401
0.480
0.269
0.454
0.467
0.264
0.516
0.587

40 Epoch

0.353
0.602
0.363
0.197
0.392
0.489
0.265
0.454
0.472
0.287
0.501
0.619

41 Epoch

0.349
0.607
0.366
0.196
0.400
0.462
0.261
0.446
0.459
0.274
0.522
0.575

42 Epoch

0.351
0.594
0.366
0.191
0.385
0.490
0.264
0.452
0.469
0.286
0.509
0.614

43 Epoch

0.350
0.587
0.376
0.212
0.392
0.472
0.266
0.443
0.461
0.286
0.499
0.599

44 Epoch

0.358
0.601
0.383
0.205
0.401
0.492
0.270
0.463
0.484
0.305
0.520
0.618

45 Epoch

0.355
0.598
0.378
0.216
0.393
0.479
0.265
0.458
0.477
0.295
0.519
0.603

--------------------

53 Epoch

0.355
0.612
0.383
0.207
0.392
0.487
0.274
0.451
0.467
0.272
0.509
0.598

54 Epoch

0.369
0.608
0.392
0.203
0.409
0.500
0.274
0.461
0.479
0.282
0.521
0.612

55 Epoch

0.355
0.598
0.372
0.220
0.394
0.477
0.269
0.456
0.470
0.303
0.508
0.587

56 Epoch

0.357
0.598
0.380
0.190
0.394
0.507
0.268
0.459
0.479
0.285
0.509
0.621

57 Epoch

0.359
0.589
0.375
0.208
0.403
0.485
0.272
0.456
0.475
0.282
0.525
0.596

58 Epoch

0.353
0.605
0.371
0.207
0.396
0.478
0.271
0.449
0.467
0.279
0.518
0.594