1 Epoch

0.265
0.503
0.263
0.150
0.311
0.361
0.222
0.368
0.385
0.211
0.425
0.498

2 Epoch

0.280
0.518
0.276
0.144
0.329
0.391
0.230
0.379
0.393
0.209
0.434
0.536

3 Epoch

0.297
0.543
0.298
0.141
0.337
0.422
0.239
0.396
0.410
0.227
0.447
0.545

4 Epoch

0.305
0.553
0.299
0.178
0.337
0.424
0.239
0.395
0.410
0.233
0.441
0.545

5 Epoch

0.316
0.578
0.319
0.171
0.359
0.432
0.248
0.412
0.426
0.236
0.474
0.547

6 Epoch

0.307
0.552
0.310
0.166
0.339
0.423
0.237
0.402
0.419
0.245
0.460
0.549

7 Epoch

0.303
0.559
0.291
0.158
0.337
0.421
0.236
0.398
0.410
0.219
0.451
0.535

8 Epoch

0.289
0.533
0.284
0.163
0.326
0.412
0.233
0.389
0.400
0.228
0.429
0.542

9 Epoch

0.324
0.572
0.337
0.168
0.371
0.455
0.249
0.412
0.428
0.242
0.475
0.565

10 Epoch

0.317
0.556
0.321
0.187
0.345
0.450
0.247
0.408
0.422
0.253
0.453
0.569

11 Epoch

0.311
0.559
0.305
0.190
0.345
0.445
0.250
0.404
0.417
0.242
0.449
0.566

12 Epoch

0.316
0.555
0.327
0.171
0.356
0.447
0.246
0.403
0.415
0.231
0.456
0.547

13 Epoch

0.313
0.559
0.305
0.169
0.346
0.445
0.248
0.402
0.415
0.233
0.456
0.549

14 Epoch

0.317
0.557
0.328
0.165
0.350
0.455
0.241
0.403
0.420
0.250
0.451
0.560

15 Epoch

0.318
0.564
0.330
0.170
0.358
0.452
0.251
0.398
0.415
0.237
0.453
0.543

16 Epoch

0.323
0.573
0.325
0.162
0.368
0.447
0.247
0.404
0.416
0.207
0.463
0.541

17 Epoch

0.322
0.561
0.324
0.170
0.358
0.449
0.252
0.413
0.427
0.251
0.448
0.575

18 Epoch

0.319
0.576
0.325
0.176
0.348
0.447
0.250
0.406
0.419
0.238
0.455
0.551

19 Epoch

0.305
0.544
0.318
0.162
0.347
0.429
0.246
0.392
0.403
0.215
0.448
0.528

20 Epoch

0.308
0.546
0.316
0.161
0.338
0.430
0.250
0.409
0.422
0.234
0.460
0.561

21 Epoch

0.317
0.547
0.341
0.162
0.359
0.455
0.249
0.397
0.411
0.218
0.465
0.550

22 Epoch

0.320
0.568
0.326
0.180
0.351
0.459
0.242
0.403
0.419
0.233
0.456
0.576

23 Epoch

0.322
0.567
0.328
0.181
0.361
0.458
0.250
0.402
0.415
0.227
0.454
0.567

24 Epoch

0.323
0.570
0.325
0.167
0.356
0.462
0.252
0.406
0.418
0.220
0.461
0.566

25 Epoch

0.328
0.574
0.339
0.181
0.356
0.472
0.252
0.412
0.427
0.234
0.462
0.588

26 Epoch

0.317
0.553
0.319
0.180
0.345
0.456
0.251
0.408
0.419
0.224
0.456
0.567

27 Epoch

0.318
0.560
0.320
0.157
0.364
0.448
0.246
0.401
0.413
0.222
0.456
0.557

28 Epoch

0.319
0.558
0.326
0.180
0.348
0.449
0.248
0.413
0.430
0.253
0.460
0.567

29 Epoch

0.320
0.567
0.318
0.176
0.351
0.460
0.251
0.416
0.432
0.247
0.467
0.583

30 Epoch

0.317
0.562
0.320
0.171
0.355
0.452
0.248
0.402
0.416
0.227
0.455
0.555

31 Epoch

0.320
0.568
0.328
0.191
0.359
0.450
0.247
0.408
0.423
0.250
0.458
0.564

32 Epoch

0.318
0.543
0.334
0.184
0.357
0.450
0.253
0.419
0.433
0.253
0.476
0.581

33 Epoch

0.317
0.563
0.316
0.171
0.350
0.444
0.244
0.407
0.423
0.248
0.459
0.546

34 Epoch

0.329
0.575
0.351
0.184
0.358
0.477
0.256
0.414
0.425
0.239
0.463
0.566

35 Epoch

0.313
0.553
0.329
0.181
0.351
0.447
0.253
0.404
0.420
0.245
0.464
0.547

36 Epoch

0.317
0.553
0.330
0.186
0.344
0.450
0.247
0.409
0.425
0.247
0.460
0.565

37 Epoch

0.329
0.562
0.352
0.198
0.372
0.462
0.251
0.413
0.430
0.255
0.469
0.566

38 Epoch

0.326
0.566
0.336
0.174
0.356
0.458
0.252
0.410
0.427
0.242
0.468
0.555

39 Epoch

0.317
0.567
0.324
0.164
0.352
0.450
0.249
0.404
0.418
0.222
0.457
0.561

40 Epoch

0.323
0.570
0.316
0.177
0.357
0.450
0.244
0.409
0.425
0.253
0.452
0.560

41 Epoch

0.319
0.563
0.332
0.172
0.350
0.448
0.247
0.406
0.419
0.235
0.461
0.552

42 Epoch

0.324
0.564
0.327
0.173
0.344
0.465
0.246
0.415
0.431
0.254
0.454
0.583

43 Epoch

0.323
0.559
0.328
0.184
0.348
0.459
0.246
0.403
0.417
0.237
0.441
0.565

44 Epoch

0.321
0.574
0.320
0.174
0.357
0.459
0.242
0.408
0.427
0.251
0.461
0.567

45 Epoch

0.324
0.570
0.320
0.173
0.350
0.451
0.246
0.416
0.433
0.245
0.468
0.569

--------------

53 Epoch

0.323
0.563
0.339
0.180
0.356
0.445
0.251
0.407
0.420
0.234
0.461
0.554

54 Epoch

0.330
0.582
0.326
0.177
0.364
0.458
0.248
0.411
0.425
0.237
0.466
0.556

55 Epoch

0.316
0.576
0.305
0.171
0.345
0.432
0.245
0.408
0.420
0.246
0.450
0.555

56 Epoch

0.319
0.548
0.319
0.168
0.359
0.451
0.250
0.411
0.430
0.244
0.465
0.558

57 Epoch

0.329
0.565
0.333
0.190
0.356
0.467
0.252
0.416
0.432
0.254
0.468
0.570

58 Epoch

0.314
0.557
0.311
0.169
0.342
0.444
0.246
0.399
0.416
0.229
0.452
0.554
