Matriz K: 
[[573.26336307   0.         219.72999182]
 [  0.         574.10447303 216.47830934]
 [  0.           0.           1.        ]]

Matriz R: 
[[ 0.00533715 -0.99811073  0.06120861]
 [ 0.99707141  0.00998133  0.07582197]
 [-0.07628967  0.06062468  0.99524094]]

Vetor t: 
[[ 8.4826606 ]
 [-3.86948206]
 [22.12894083]]

Matriz P: 
[[-1.37035384e+01 -5.58859250e+02  2.53772938e+02  9.72519053e+03]
 [ 5.55908099e+02  1.88542552e+01  2.58977811e+02  2.56894874e+03]
 [-7.62896694e-02  6.06246825e-02  9.95240943e-01  2.21289408e+01]]

Parâmetros de distorção: 
[[-0.2005142   0.10623836 -0.00328132  0.01357021  0.22222491]]