Matriz K: 
[[573.26336709   0.         219.73000407]
 [  0.         574.10447617 216.47832279]
 [  0.           0.           1.        ]]

Matriz R: 
[[ 0.00533715 -0.99811073  0.06120858]
 [ 0.99707141  0.00998133  0.07582196]
 [-0.07628966  0.06062466  0.99524095]]

Vetor t: 
[[ 8.48266013]
 [-3.86948257]
 [22.128941  ]]

Matriz P: 
[[-1.37035373e+01 -5.58859261e+02  2.53772935e+02  9.72519060e+03]
 [ 5.55908104e+02  1.88542485e+01  2.58977820e+02  2.56894877e+03]
 [-7.62896593e-02  6.06246555e-02  9.95240945e-01  2.21289410e+01]]

Parâmetros de distorção: 
[[-0.20051427  0.10623893 -0.00328132  0.01357021  0.22222384]]